0.0000    -0.0000   -24.2500   -0.4750    -0.0250    0.5000   
0.0500    0.0250   -24.2500   -0.4750    0.0000    0.5000   
0.1000    0.0500   -24.2500   -0.4750    0.0250    0.5000   
0.1500    0.0750   -24.2500   -0.4750    0.0500    0.5000   
0.2000    0.1000   -24.2500   -0.4750    0.0750    0.5000   
0.2500    0.1500   -24.2500   -0.4750    0.1250    0.5000   
0.3000    0.1750   -24.2500   -0.4750    0.1500    0.5000   
0.3500    0.2000   -24.2500   -0.4750    0.1750    0.5000   
0.4000    0.2250   -24.2500   -0.4750    0.2000    0.5000   
0.4500    0.2500   -24.2500   -0.4750    0.2250    0.5000   
0.5000    0.2750   -24.2499   -0.4750    0.2500    0.5000   
0.5500    0.3000   -24.2499   -0.4750    0.2750    0.5000   
0.6000    0.3250   -24.2496   -0.4750    0.3000    0.5000   
0.6500    0.3500   -24.2489   -0.4750    0.3250    0.5000   
0.7000    0.3750   -24.2470   -0.4750    0.3500    0.5000   
0.7500    0.4000   -24.2418   -0.4750    0.3750    0.5000   
0.8000    0.4250   -24.2279   -0.4750    0.4000    0.5000   
0.8500    0.4500   -24.1905   -0.4750    0.4250    0.5000   
0.9000    0.4750   -24.0922   -0.4750    0.4500    0.5000   
0.9500    0.5000   -23.8472   -0.4750    0.4750    0.5000   
1.0000    0.5250   -23.3018   -0.4750    0.5000    0.5000   
1.0500    0.5250   -22.3018   -0.4750    0.5000    0.5000   
1.1000    0.5000   -20.8860   -0.4750    0.5000    0.4750   
1.1500    0.5000   -19.4235   -0.4500    0.5000    0.4500   
1.2000    0.5000   -17.9860   -0.4250    0.5000    0.4250   
1.2500    0.5000   -16.5735   -0.4000    0.5000    0.4000   
1.3000    0.5000   -15.1860   -0.3750    0.5000    0.3750   
1.3500    0.5250   -13.8269   -0.3250    0.5000    0.3500   
1.4000    0.5250   -12.5019   -0.3000    0.5000    0.3250   
1.4500    0.5250   -11.2019   -0.2750    0.5000    0.3000   
1.5000    0.5250   -9.9271   -0.2500    0.5000    0.2750   
1.5500    0.5250   -8.6775   -0.2250    0.5000    0.2500   
1.6000    0.5250   -7.4536   -0.2000    0.5000    0.2250   
1.6500    0.5250   -6.2566   -0.1750    0.5000    0.2000   
1.7000    0.5250   -5.0898   -0.1500    0.5000    0.1750   
1.7500    0.5250   -3.9619   -0.1250    0.5000    0.1500   
1.8000    0.5000   -2.9031   -0.1000    0.5000    0.1000   
1.8500    0.5000   -1.9597   -0.0750    0.5000    0.0750   
1.9000    0.5000   -1.2401   -0.0500    0.5000    0.0500   
1.9500    0.5250   -0.9287   -0.0250    0.5000    0.0500   
2.0000    0.5250   -1.1301   0.0000    0.5000    0.0250   
2.0500    0.5250   -1.9037   0.0000    0.5000    0.0250   
2.1000    0.5000   -3.1898   0.0000    0.5000    0.0000   
2.1500    0.5000   -4.8463   0.0000    0.5000    0.0000   
2.2000    0.5000   -6.7006   0.0000    0.5000    0.0000   
2.2500    0.5000   -8.6403   0.0000    0.5000    0.0000   
2.3000    0.5000   -10.6078   0.0000    0.5000    0.0000   
2.3500    0.5500   -12.5758   0.0250    0.5000    0.0250   
2.4000    0.5500   -14.5224   0.0250    0.5000    0.0250   
2.4500    0.6000   -16.4334   0.0500    0.5000    0.0500   
2.5000    0.6500   -18.2899   0.0750    0.5000    0.0750   
2.5500    0.7500   -20.0897   0.1250    0.5000    0.1250   
2.6000    0.8000   -21.8260   0.1500    0.5000    0.1500   
2.6500    0.9000   -23.4760   0.2000    0.5000    0.2000   
2.7000    0.9500   -25.0715   0.2250    0.5000    0.2250   
2.7500    1.0500   -26.5715   0.2750    0.5000    0.2750   
2.8000    1.1000   -28.0028   0.3000    0.5000    0.3000   
2.8500    1.2000   -29.3528   0.3500    0.5000    0.3500   
2.9000    1.3000   -30.6028   0.4000    0.5000    0.4000   
2.9500    1.3500   -31.7987   0.4250    0.5000    0.4250   
3.0000    1.4500   -32.8987   0.4750    0.5000    0.4750   
3.0500    1.5000   -33.8971   0.5000    0.5000    0.5000   
3.1000    1.5000   -34.5209   0.5000    0.5000    0.5000   
3.1500    1.5000   -34.8102   0.5000    0.5000    0.5000   
3.2000    1.5000   -34.9280   0.5000    0.5000    0.5000   
3.2500    1.5000   -34.9732   0.5000    0.5000    0.5000   
3.3000    1.5000   -34.9901   0.5000    0.5000    0.5000   
3.3500    1.5000   -34.9964   0.5000    0.5000    0.5000   
3.4000    1.5000   -34.9987   0.5000    0.5000    0.5000   
3.4500    1.5000   -34.9995   0.5000    0.5000    0.5000   
3.5000    1.5000   -34.9998   0.5000    0.5000    0.5000   
3.5500    1.5000   -34.9999   0.5000    0.5000    0.5000   
3.6000    1.5000   -35.0000   0.5000    0.5000    0.5000   
3.6500    1.5000   -35.0000   0.5000    0.5000    0.5000   
3.7000    1.5000   -35.0000   0.5000    0.5000    0.5000   
3.7500    1.5000   -35.0000   0.5000    0.5000    0.5000   
3.8000    1.5000   -35.0000   0.5000    0.5000    0.5000   
3.8500    1.5000   -35.0000   0.5000    0.5000    0.5000   
3.9000    1.5000   -35.0000   0.5000    0.5000    0.5000   
3.9500    1.5000   -35.0000   0.5000    0.5000    0.5000   
4.0000    1.5000   -35.0000   0.5000    0.5000    0.5000   
4.0500    1.5000   -35.0000   0.5000    0.5000    0.5000   
4.1000    1.5000   -35.0000   0.5000    0.5000    0.5000   
4.1500    1.5000   -35.0000   0.5000    0.5000    0.5000   
4.2000    1.5000   -35.0000   0.5000    0.5000    0.5000   
4.2500    1.5000   -35.0000   0.5000    0.5000    0.5000   
4.3000    1.5000   -35.0000   0.5000    0.5000    0.5000   
4.3500    1.5000   -35.0000   0.5000    0.5000    0.5000   
4.4000    1.5000   -35.0000   0.5000    0.5000    0.5000   
4.4500    1.5000   -35.0000   0.5000    0.5000    0.5000   
4.5000    1.5000   -35.0000   0.5000    0.5000    0.5000   
4.5500    1.5000   -35.0000   0.5000    0.5000    0.5000   
4.6000    1.5000   -35.0000   0.5000    0.5000    0.5000   
4.6500    1.5000   -35.0000   0.5000    0.5000    0.5000   
4.7000    1.5000   -35.0000   0.5000    0.5000    0.5000   
4.7500    1.5000   -35.0000   0.5000    0.5000    0.5000   
4.8000    1.5000   -35.0000   0.5000    0.5000    0.5000   
4.8500    1.5000   -35.0000   0.5000    0.5000    0.5000   
4.9000    1.5000   -35.0000   0.5000    0.5000    0.5000   
4.9500    1.5000   -35.0000   0.5000    0.5000    0.5000   
5.0000    1.5000   -35.0000   0.5000    0.5000    0.5000   
